00000000000000000000
00000011100000000000
00000111111110000000
00000111111111110000
00000111111111110000
00001111111111111000
00001111111111111100
00011111111111111100
00011111101111111100
00111111111111111110
01111111000001111110
01111110000000111110
01111100000000011110
01111100000000011110
11111000000000111110
11111000000000111110
11111000000001111110
01111000000001111100
11111000000011111100
11111000000011111100
11111000001111111000
01111000001111111000
11111111111111111000
11111111111111110000
01111111111111100000
01111111111111000000
01111111111111000000
00011111111100000000
00000000000000000000
00000000000000000000
00000001110000000000
00000011111111100000
00000111111111110000
00001111111111111000
00001111111111111000
00011111111111111100
00111111000001111100
00111110000000111100
00111110000000111100
00111100000000011110
01111000000000011110
01111000000000011110
01111000000000011110
11111000000000011110
11111000000000011110
11111000000000011110
11111000000000111100
11111000000000111100
11111000000001111100
11111000000001111100
11111000000011111100
11111000000111111000
01111000000111110000
01111110001111110000
00111111111111100000
00111111111111000000
00011111111111000000
00001111111110000000
00000111111100000000
00000000000000000000
00000000000000000000
00000111111111000000
00001111111111110000
00011111111111111000
00111111111111111000
01111111111111111100
11111111001111111100
01111110000001111100
11111110000001111110
11111111000000111110
11111111000000111110
01111111000000011110
01111110000000011110
01111100000000011110
01111100000000011110
01111100000000011110
01111100000000111110
01111100000000111110
01111000000000111110
01111000000001111100
01111000000011111100
01111111100011111000
01111111100011111000
01111111111111111000
01111111111111111000
00111111111111110000
00011111111111100000
00000001111111000000
00000000000000000000
00000000000000000000
00000000000000000000
00000000000111110000
00000001111111111000
00011111111111111100
00111111111111111110
01111111111111111110
11111111111111111110
11111111110000011110
11111100000000011110
01111100000000011110
00111110000000111110
00111110000000111110
00111110000000111110
01111110000001111100
01111100000001111100
01111100000001111100
01111100000011111100
01111100000011111000
01111100000111111000
01111100001111110000
01111100001111110000
01111100011111110000
01111111111111100000
01111111111111000000
01111111111110000000
01111111111100000000
00111111111000000000
00001111000000000000
00000000000000000000
00000000000000000000
00000000000001100000
00000000000111110000
00000000111111110000
00000001111111111000
00001111111111111100
00001111111111111110
00111111111111111110
00111110000000001110
00111100000000001110
01111000000000001110
01111000000000001110
01111000000000001110
01111000000000011110
01110000000000011110
11110000000000011110
11110000000000111110
11110000000000111100
11110000000000111100
11110000000000111100
11110000000000111100
01110000000001111000
01111000000011111000
01111000000011110000
01111100000111110000
00111100000111100000
00111111111111100000
00001111111110000000
00001111111110000000
00000011111100000000
00000000000000000000
00000000000000000000
00000000111111000000
00000011111111110000
00000111111111111000
00001111111111111000
00001111111111111100
00011111111111111110
00011111110001111110
00111111100001111110
00111111100000111110
01111111000000111110
01111110000000111110
01111110000000111110
11111100000000111110
11111100000000111110
11111100000000111110
11111100000000111110
11111100000001111110
11111100000001111110
11111100000001111110
11111110000001111100
01111111000011111100
01111111111111111100
00111111111111111000
00111111111111111000
00001111111111110000
00000111111111100000
00000000111111000000
00000000000000000000
00000000000000000000
00000000001110000000
00000000011111000000
00000001111111111000
00000011111111111100
00000111111111111110
00001111111111111110
00001111110000011110
00001111110000011110
00001111100000001110
00011111000000001110
00011111000000001110
00111110000000001110
00111100000000001110
01111100000000011110
01111000000000011110
01111000000000011110
01111000000000011110
01110000000000011110
11110000000000011110
11110000000000011110
11110000000000111110
11110000000000111110
11110000000000111100
01111000000001111100
01111111000011111000
01111111111111111000
00111111111111110000
00011111111111100000
00000111111110000000
00000000000000000000
00000000111111000000
00000111111111110000
00001111111111111000
00001111111111111100
00001111111111111100
00001111100000111110
00011111100000111110
00011111100000011110
00111110000000001110
00111110000000001110
00111110000000001110
00111100000000011110
00111000000000011110
00111000000000111110
01111000000000111110
01111000000000111100
01111000000000111100
11111000000001111000
11111000000001111000
11111000000011111000
11111000000011111000
11111000000011110000
11111000000011110000
11111000000111110000
01111110001111100000
01111111111111100000
00111111111111100000
00011111111110000000
00000111111110000000
00000000000000000000
00000000000000000000
00000011111000000000
00011111111111000000
00111111111111110000
01111111111111111100
01111111111111111110
00111111111111111110
00111111111111111110
00111111111111111110
01111111111000111110
01111111110000111110
11111100000000111110
11111100000000111110
11111100000000111110
01111000000000111110
11111000000000111110
11111000000000111110
11111000000000111110
11111100000000111110
11111100000000111100
11111100000001111100
01111110000011111100
00111111111111111100
00111111111111111000
00011111111111110000
00001111111111110000
00000111111111100000
00000001110000000000
00000000000000000000
00000000000000000000
00000000001100000000
00000000111111000000
00000000111111100000
00000001111111110000
00000011111111110000
00000111111111111000
00001111111111111100
00011111100001111100
00111111000000011110
00111111000000011110
00111110000000011110
00111110000000011110
01111110000000011110
01111110000000011110
11111110000000011110
11111000000000011110
11111000000000011110
11110000000000011110
11110000000000011100
11110000000000111100
11110000000000111100
11110000000001111100
11110000000011111100
11111110000111111000
11111111111111110000
01111111111111110000
01111111111111100000
00111111111111000000
00011111111110000000
00000000000000000000
00000000000000000000
00000000111110000000
00000011111111100000
00001111111111111000
00011111111111111100
00111111111111111100
00111111111111111110
01111111100001111110
01111111100001111110
11111111000001111100
11111110000001111100
11111100000001111100
11111000000001111100
11111000000001111100
01111000000001111100
11111000000001111100
11111000000001111100
11111000000011111100
11111000000011111100
11111000000011111100
11111000000111111000
11111000001111111000
11111110011111110000
11111111111111110000
01111111111111100000
01111111111111000000
00111111111110000000
00001111111000000000
00000000000000000000
00000000000000000000
00000000000000000000
00000000001110000000
00000011111111111000
00000111111111111100
00000111111111111100
00001111111111111100
00011111111111111110
00111111111111111110
01111111110000111110
01111111000000011110
11111111000000011110
11111110000000111110
11111000000000111110
11110000000000111110
01110000000000111100
11110000000000111100
11110000000001111100
11111000000001111100
11111000000001111000
01111000000001111000
01111100000011111000
01111111111111111000
01111111111111110000
00111111111111110000
00011111111111100000
00011111111111100000
00011111111111000000
00000111111100000000
00000000000000000000
00000000000000000000
00000000000000000000
00000000001111110000
00000001111111111100
00000011111111111110
00000111111111111110
00011111111111111110
00111111111111111110
00111111110001111110
01111111110001111110
01111111000001111110
11111110000001111110
11111100000001111100
11111100000001111100
11111000000001111100
01111000000001111100
11111000000001111100
11111000000001111100
11111000000001111100
11111000000011111000
11111100000011111000
11111110000111111000
11111111111111110000
01111111111111110000
01111111111111110000
00111111111111100000
00011111111111000000
00001111111110000000
00000011111000000000
00000000000000000000
00000000000000000000
00000000000000000000
00001111111111000000
00011111111111100000
00011111111111110000
00011111111111110000
00111111111111111000
00111111111111111000
00111111000011111000
00111100000011111100
00111100000001111100
00111110000001111100
00111110000001111110
01111110000000111110
01111100000000111110
01111100000000011110
11111100000000011110
11111100000000011110
11111000000000111110
11111000000000111110
01111000000000111110
11111000000011111110
11111110000111111100
11111111111111111100
11111111111111111000
01111111111111111000
01111111111111111000
00111111111111100000
00001111111110000000
00000000000000000000
00000000000000000000
00000000000000000000
00000000111000000000
00000011111110000000
00001111111111000000
00001111111111100000
00011111111111110000
00111111111111110000
01111111100111111000
01111110000011111000
11111100000011111000
11111000000011111000
11111000000011111000
11111000000011111000
11111000000011111100
01111000000001111100
11111000000001111100
11111000000001111110
11111000000000111110
11111000000000011110
11111000000000011110
11111000000000011110
11111000000000111110
11111100000011111110
01111111111111111110
01111111111111111100
00111111111111111000
00011111111111111000
00001111111111100000
00000000000000000000
00000000000000000000
