00001111000000000000
00111111111111100000
01111111111111110000
01111111111111110000
01111000000011110000
01111000000011111000
01111000000011111000
01111000000011111000
01111000000001111000
01111000000001111000
01111000000001111000
01111000000001111000
00111100000001111000
00111111111111111000
00111111111111111100
01111111111111111110
11111111111111111110
11111000000000011110
01111000000000011110
01111000000000011110
01111000000000011110
01111000000000011110
01111000000000011110
01111000000000011110
01111000000000011110
01111111111111111110
01111111111111111110
00111111111111111110
00111111111111111100
00000000000000000000
00000111111000000000
00001111111111100000
00011111111111110000
00111111111111111100
00111111111111111110
00111100000011111110
00111100000000111110
00111110000000111110
00111110000001111100
00011111000011111100
00011111001111111100
00001111111111111000
00000111111111100000
00000111111111000000
00000111111110000000
00011111111110000000
00111111111110000000
00111111111110000000
01111110011111000000
11111000001111000000
11111000001111000000
11111000001111000000
11111100001111000000
01111100011111000000
00111111111110000000
00111111111110000000
00011111111110000000
00000111111000000000
00000011100000000000
00000000000000000000
00000111111111100000
00001111111111111000
00011111111111111100
00011111111111111100
00111111111111111110
00111111111111111110
00011111101111111110
00011111111111111110
00011111111111111100
00001111111111111100
00001111111111111000
00001111111111110000
00001111111111000000
00001111111100000000
00011111111100000000
00111111111110000000
01111111111110000000
01111111111110000000
01111100111110000000
01111100111110000000
01111100111110000000
01111111111110000000
01111111111110000000
01111111111110000000
00111111111100000000
00111111111100000000
00011111111000000000
00001111110000000000
00000011000000000000
00000000000000000000
00000000000000000000
00000000000111110000
00000000001111111000
00000000001111111100
00000000011111111100
00000000011111111110
00000000111111111110
00000000111111111110
00000000111111111100
00000000111111111100
00000000111111111100
00000000111111111000
00000111111111110000
00011111111111100000
00111111111111000000
01111111111111000000
11111111111111000000
11111111001111000000
11111100001111000000
01111000001111000000
11111000001111100000
11111100001111100000
11111111001111100000
11111111111111100000
01111111111111000000
00111111111111000000
00001111111110000000
00000011111100000000
00000000000000000000
00000000000000000000
00000000001111100000
00000000011111111000
00000000111111111100
00000001111111111100
00000011111111111110
00000111111111111110
00000111111111111110
00000111111111111110
00001111111111111110
00001111111111111100
00001111111111111100
00000111111111111000
00000111111111110000
00001111111111000000
00111111111100000000
00111111111100000000
01111111111110000000
01111111111110000000
11111100111111000000
11111100111111000000
01111100011111000000
01111110011111000000
01111111111111000000
00111111111111000000
00011111111111000000
00011111111111000000
00001111111111000000
00000111111110000000
00000001111000000000
00000000000000000000
00000000000000000000
00000000001111100000
00000001111111111000
00000011111111111000
00000111111111111100
00001111111111111100
00011111111111111100
00011111111111111000
00011111111111111000
00011111111111110000
00011111111111110000
00011111111111100000
00001111111111000000
00000111111111000000
00000111101111000000
00000111111111000000
00000011111111000000
00000011111111000000
00000111111111000000
00011111111111000000
00111111111111000000
01111111111111000000
01111111111111000000
01111111111111000000
01111111111110000000
01111111111110000000
00111111111100000000
00011111111000000000
00000000000000000000
00000000000000000000
00000000000000000000
00000000001111100000
00000000111111111000
00000001111111111100
00000001111111111100
00000001111111111110
00000011111111111110
00000111111111111110
00000111111111111100
00011111111111111100
00111111111111111000
01111111111111110000
01111111111111000000
01111111111111000000
11111111111110000000
11111111111000000000
11111111111000000000
01111111111000000000
11111111111000000000
01111111111000000000
01111111111000000000
01111111111000000000
01111111111000000000
00111111111000000000
00011111111000000000
00001111110000000000
00001111110000000000
00000111100000000000
00000000000000000000
00000000000000000000
00000000000000000000
00000000000110000000
00000000111111100000
00000001111111111000
00000001111111111000
00000011111111111100
00000011111111111100
00000011111111111110
00000111111111111100
00000111111111111100
00000111111111111000
00000111111111111000
00000011111111100000
00000011111111000000
00000111111110000000
00011111111100000000
00111111111100000000
01111111111100000000
11111111111110000000
11111111111110000000
11111001111110000000
11111001111110000000
11111111111110000000
11111111111110000000
01111111111100000000
01111111111100000000
00111111111000000000
00011111110000000000
00000110000000000000
00000000000000000000
00000000000000000000
00000000000111110000
00000000001111111000
00000000111111111100
00000000111111111100
00000001111111111100
00000001111111111100
00000001111111111100
00000011111111111100
00000011101111111100
00000011111111111100
00000011111111111100
00000011111111111000
00001111111111110000
00011111111111100000
00111111111111000000
00111111111111000000
01111111111111100000
01111111111111100000
01111110001111100000
01111110001111100000
00111110001111110000
00111111111111110000
00111111111111110000
00011111111111100000
00011111111111100000
00001111111111000000
00000011111100000000
00000000000000000000
00000000000000000000
00000000000000000000
00001111111000000000
00011111111111000000
00011111111111110000
00011111111111111100
00011111111111111110
00011111111111111110
00011111111111111110
00011111111111111110
00011111111111111110
00011111111111111110
00001111111111111100
00000111111111111000
00000111111111100000
00001111111111000000
00011111111110000000
00111111111110000000
00111111111110000000
01111111111110000000
01111111111110000000
01111111111110000000
01111111111110000000
01111111111110000000
01111111111110000000
00111111111100000000
00111111111000000000
00011111110000000000
00000111000000000000
00000000000000000000
00000000000000000000
00000001111111110000
00000111111111111100
00000111111111111100
00001111111111111110
00001111111111111110
00001111111111111110
00001111111111111100
00001111111111111100
00000111111111111000
00000111111111111000
00000111111111110000
00000111111110000000
00000111111110000000
00001111111110000000
00011111111110000000
00111111111111000000
01111111111111000000
01111111111111000000
11111110011111000000
11111100011111000000
11111100011111100000
11111100011111100000
01111110011111100000
01111111111111100000
00111111111111100000
00111111111111000000
00011111111111000000
00001111111110000000
00000011111100000000
00000000000000000000
00000000000000000000
00011111111000000000
00111111111110000000
00111111111111100000
01111111111111110000
01111111111111111000
01111110001111111100
01111110001111111100
00111110001111111110
00111111001111111100
00111111111111111100
00011111111111111000
00011111111111110000
00011111111111100000
00111111111000000000
01111111111000000000
01111111111000000000
11111111111100000000
11111111111100000000
11111000111100000000
11111000111100000000
11111000111100000000
11111000111100000000
11111111111100000000
11111111111100000000
01111111111100000000
01111111111000000000
00111111111000000000
00011111110000000000
00000000000000000000
00000000000000000000
00000000000001110000
00000000001111111100
00000000011111111100
00000000111111111110
00000001111111111110
00000001111111111110
00000001111111111110
00000001111111111100
00000011111111111100
00000011111111111000
00000011111111110000
00000111111111100000
00001111111111000000
00011111111111000000
00111111111111000000
00111111111111000000
01111111111111000000
01111110011111000000
01111110011111000000
01111110011111100000
01111110011111100000
01111111111111100000
00111111111111100000
00111111111111100000
00011111111111100000
00001111111111100000
00000111111111000000
00000001111110000000
00000000000000000000
00000000000000000000
00111111111000000000
01111111111111100000
11111111111111111000
11111111111111111100
11111111111111111100
11111100001111111110
11111100000011111110
01111100000001111110
01111110000001111110
01111110000011111110
01111111000011111100
00111111000111111100
00111111100111111000
00011111111111110000
00011111111111100000
00011111111111100000
01111111111111000000
11111111111110000000
11111111111100000000
11111111111000000000
11111111111000000000
11111111111000000000
11111111111000000000
01111111111000000000
01111111111000000000
00111111110000000000
00011111100000000000
00000110000000000000
00000000000000000000
00000000000111000000
00000000111111110000
00000000111111111000
00000001111111111100
00000011111111111100
00000011111000111110
00000011110000011110
00000111110000011110
00000111100000011110
00001111100000011110
00011111111100011110
00111111111111111110
00111111111111111100
01111111111111111100
01111111111111111000
01111111111111000000
11111111111111000000
11111111111111100000
11111111111111100000
11111110001111100000
11111110001111100000
11111110000111100000
01111111100111110000
00111111111111110000
00111111111111110000
00011111111111110000
00001111111111110000
00000011111111100000
00000000001111000000
00000000000000000000
