01100000000000000000
11111100000000000000
11111111111111111000
11111111111111111100
11111111111111111110
01111111111111111110
00011111111111111110
00000000000001111100
00000000000001111100
00000000000011111000
00000000000111111000
00000000000111110000
00000000001111110000
00000000001111100000
00000000001111100000
00000000011111000000
00000000011111000000
00000000111111000000
00000000111110000000
00000000111110000000
00000001111100000000
00000001111100000000
00000001111000000000
00000011111000000000
00000011111000000000
00000011111000000000
00000011111000000000
00000011111000000000
00000001110000000000
00000000000000000000
00000000000000000000
00001111111000000000
00011111111111111100
00111111111111111110
00011111111111111110
00001111111111111110
00001111111111111110
00000001111111111110
00000000011111111100
00000000011111111000
00000000111111110000
00000000111111100000
00000001111111100000
00000011111111000000
00000111111110000000
00000111111100000000
00001111111000000000
00001111110000000000
00011111110000000000
00011111100000000000
00111111100000000000
00111111000000000000
00111111000000000000
00111111000000000000
00111111000000000000
01111110000000000000
00111110000000000000
00111100000000000000
00000000000000000000
00000000000000000000
00000000000000000000
01110000000000011000
11111111111111111100
11111111111111111100
01111111111111111110
01111111111111111110
00111111111111111100
00000000000111111100
00000000000111111100
00000000000111111000
00000000000111110000
00000000001111100000
00000000011111100000
00000000011111100000
00000000011111000000
00000000111111000000
00000111111110000000
00001111111110000000
00011111111100000000
00011111111100000000
00001111111100000000
00000111111000000000
00000111110000000000
00000111110000000000
00000111110000000000
00000111110000000000
00000111100000000000
00000011100000000000
00000000000000000000
00000000000000000000
01111111111111110000
01111111111111110000
11111111111111110000
01111111111111110000
01111111111111111000
00000000000001111000
00000000000001111000
00000000000001111000
00000000000001111000
00000000000000111100
00000000000000111100
00000000000000111100
00000000000000111100
00000000000000111100
00000000000000111100
00000000000000111100
00000000000000111100
00000000000000011110
00000000000000011110
00000000000000011110
00000000000000011110
00000000000000011110
00000000000000011110
00000000000000011110
00000000000000011110
00000000000000011110
00000000000000001110
00000000000000001110
00000000000000000110
00000000000000000000
00011110000000000000
01111111100001110000
11111111100111111000
11111111111111111000
01111111111111111000
00000011111111111000
00000001111111110000
00000000111111100000
00000000001111100000
00000000001111000000
00000000001111000000
00000000001111000000
00000000001111000000
00000000001111000000
00000000001111000000
00000000011111000000
00000000011111001100
00000001111111111110
00000011111111111110
00000011111111111110
00000011111111111110
00000011111110000000
00000000111110000000
00000000111110000000
00000000111110000000
00000000111110000000
00000000111100000000
00000000111100000000
00000000011100000000
00000000000000000000
00000000000000111000
00000000000111111100
01111111111111111110
11111111111111111110
11111111111111111110
11111111111111111110
11111111111111111110
01111111110011111110
00000000000011111100
00000000000011111100
00000000000011111100
00000000000011111100
00000000000011111100
00000000111111111100
00000001111111111110
00000011111111111110
00000011111111111110
00000011111111111100
00000011111111111000
00000001111111111000
00000000001111111000
00000000001111111000
00000000001111111000
00000000001111111000
00000000001111111000
00000000011111110000
00000000011111110000
00000000011111110000
00000000001111100000
00000000000000000000
00000000000111100000
00011111111111111000
01111111111111111100
11111111111111111100
11111111111111111110
11111111111111111110
11111111111111111110
00011100001111111100
00000000001111111100
00000000001111111100
00000000001111111000
00000000011111111000
00000000111111110000
00000000111111100000
00000111111111100000
00111111111111100000
01111111111111100000
01111111111111100000
01111111111111100000
01111111111110000000
00011111111100000000
00001111111100000000
00001111111000000000
00001111111000000000
00011111111000000000
00011111111000000000
00011111110000000000
00001111110000000000
00001111100000000000
00000000000000000000
01000000001111100000
01110001111111110000
11111111111111110000
11111111111111110000
11111111111111110000
01111111100011110000
00111110000011110000
00000000000011110000
00000000000011110000
00000000000011110000
00000000000011110000
00000000000011110000
00000000000011110000
00000000000011110000
00000000000011111110
00000000000011111110
00000000000111111110
00000000001111111110
00000000001111111000
00000000000111111000
00000000000001111000
00000000000001111000
00000000000001111000
00000000000001111000
00000000000001111000
00000000000001111000
00000000000001111000
00000000000001110000
00000000000001110000
00000000000000000000
00000000000001111000
00111111111111111000
01111111111111111100
11111111111111111100
01111111111111111100
01111111111111111100
00011111111001111100
00000000000001111100
00000000000001111100
00000000000000111100
00000000000000111110
00000000000000111110
00000000000000111110
00000000000000111110
00000000000000111110
00000000000000111110
00000000000000111110
00000000000000111110
00000000000000111110
00000000000000111110
00000000000000111110
00000000000000111110
00000000000000011110
00000000000000011110
00000000000000011110
00000000000000011110
00000000000000011110
00000000000000001100
00000000000000001000
00000000000000000000
00000000001111111100
01111111111111111110
11111111111111111110
11111111111111111110
11111111111111111110
11111111111111111110
01111111110011111100
00000000000011111000
00000000000111111000
00000000001111110000
00000000001111110000
00000000001111100000
00000000001111100000
00000000011111000000
00000000011111000000
00000000011111000000
00000000011110000000
00000000111110000000
00000000111111110000
00011111111111111000
00111111111111111000
00111111111111110000
00111111111110000000
00011111111110000000
00000000111110000000
00000000111110000000
00000000111110000000
00000000011100000000
00000000011100000000
00000000000000000000
01111111111111111100
11111111111111111110
11111111111111111110
11111111111111111110
11111111111111111110
01111111111111111110
00000000000001111110
00000000000001111100
00000000000011111100
00000000000011111000
00000000000111111000
00000000001111110000
00000000001111100000
00000000011111100000
00000000011111000000
00000000111111000000
00000000111111000000
00000000111111000000
00000011111111100000
00000111111111100000
00001111111111110000
00001111111111100000
00000111111111100000
00000011111100000000
00000011111100000000
00000011111100000000
00000011111100000000
00000011111100000000
00000001111000000000
00000000000000000000
