
  Name: textures/square1.bmp
 Width: 562
Height: 632
dodo00000111111111111100
00000111111111111110
00001111111111111110
00001111111111111110
00001111001111111100
00001111000000000000
00001111000000000000
00001111000000000000
00001111000000000000
00001111000000000000
00001111000000000000
00001111000000000000
00001111100000000000
00001111110000000000
00001111111000000000
00001111111100000000
00001111111110000000
00000000111110000000
00000000011110000000
00000000001110000000
00000000001110000000
01100000001110000000
11111000001110000000
11111100011110000000
11111111111110000000
00111111111100000000
00011111111100000000
00000111111000000000
00000011111000000000
00000000000000000000
00011100000000000000
00111111111111111110
00011111111111111110
00011111111111111110
00011111111111111110
00011110001111111000
00011110000000000000
00011110000000000000
00011110000000000000
00011110000000000000
00111100000000000000
00111100000000000000
00111100000000000000
01111110000000000000
01111111000000000000
01111111100000000000
01111111110000000000
00010011111000000000
00000011111000000000
00000001111000000000
00000001111000000000
00000000111000000000
00000000111100000000
00000000111100000000
11111100111100000000
11111111111100000000
01111111111100000000
00111111111100000000
00001111111000000000
00000000000000000000
00111111111110000000
11111111111111000000
11111111111111000000
01111111111110000000
01111000000000000000
01111000000000000000
00111100000000000000
00111100000000000000
00111100000000000000
00111110000000000000
00111111111111100000
00011111111111110000
00011111111111111000
00001111111111111000
00000000000001111000
00000000000000111100
00000000000000111100
00000000000000111110
00000000000000111110
00000000000000011110
00000000000000011110
00000000000000011110
00000000000000011110
00000000000000011110
00000000000000011110
00000011111111111110
00000011111111111110
00000011111111111110
00000000111111111110
00000000000000000000
00000000000001111100
00000000001111111110
00011111111111111110
00111111111111111110
00111111111111111100
00111111111111111000
00111111111100000000
00111111100000000000
00111110000000000000
01111110000000000000
01111110000000000000
01111110000000000000
11111110000000000000
11111110000000000000
11111111000000000000
11111111110000000000
11111111111000000000
11111111111000000000
01110011111000000000
00000011111100000000
00000001111100000000
00010001111110000000
01111111111110000000
01111111111110000000
01111111111110000000
00111111111110000000
00011111111110000000
00000111111110000000
00000001111100000000
00000000000000000000
00000000000000011100
00000000000000111110
00000000000001111110
00000000000011111110
00000000001111111100
00011111111111111100
00111111111111111000
01111111111111110000
01111111111110000000
01111111110000000000
01111100000000000000
01111100000000000000
11111111100000000000
11111111111000000000
11111111111100000000
11111111111110000000
11111111111111000000
01111000111111000000
00000000111111100000
00000000011111100000
00000000011111100000
00000000001111100000
00111110001111100000
00111111111111100000
00111111111111100000
00111111111111100000
00011111111111100000
00001111111111000000
00000000111100000000
00000000000000000000
00000000110000000000
00000001111111111100
00000111111111111110
00001111111111111110
00001111111111111110
00001111111111111100
00001111001111111000
00001111000000000000
00001111000000000000
00001111000000000000
00011111000000000000
00011111100000000000
00011111100000000000
00001111110000000000
00001111111000000000
00000111111000000000
00000011111100000000
00000001111100000000
00000000111110000000
00000000111110000000
00000000111110000000
00000000111110000000
00000000111110000000
01111111111110000000
11111111111110000000
11111111111100000000
11111111111000000000
01111111100000000000
00111111000000000000
00000000000000000000
00000111111111110000
00001111111111111100
00011111111111111110
00111111111111111110
01111111111111111110
01111100000000000100
01111100000000000000
01111100000000000000
01111111000000000000
11111111110000000000
11111111111000000000
01111111111100000000
00111111111111000000
00000000111111000000
00000000011111100000
00000000001111100000
00000000000111100000
00000000000111100000
00000000000011100000
00000000000011100000
00000000000011100000
00000000000111100000
00000000001111100000
00111110001111100000
01111111111111100000
11111111111111000000
01111111111110000000
00111111111100000000
00000000011000000000
00000000000000000000
00000011100000000000
00000111100000001100
00000111100000111100
00000111110011111110
00000111111111111100
00000111111111111000
00001111111111111000
00001111111111110000
00001111111110000000
00001111100000000000
00001111100000000000
00011111111100000000
00011111111110000000
00001111111110000000
00001111111111000000
00000000111111100000
00000000001111100000
00000000000111110000
00000000000111110000
00000000000011110000
00000000000011111000
00000000000011111000
01111100000111110000
11111111100111110000
11111111111111110000
11111111111111100000
01111111111111100000
00000001111111000000
00000000011110000000
00000000000000000000
00000000000000111000
00000000000011111100
00001100001111111100
00011111111111111100
00111111111111111100
01111111111111100000
01111111111100000000
01111110000000000000
01111110000000000000
01111110000000000000
01111110000000000000
01111110000000000000
01111111111000000000
01111111111100000000
01111111111110000000
00111111111111000000
00011111111111000000
00000001111111100000
00000000001111100000
00000000001111110000
00000000001111110000
00000000001111110000
00000000001111110000
00011110001111110000
00111111111111100000
00111111111111100000
00011111111111100000
00001111111111000000
00000001111100000000
00000000000000000000
00000111100000000100
00000111100000011110
00000111100000111110
00000111111111111110
00000111111111111110
00001111111111111100
00011111111111111100
00011111111111111000
00111111111111100000
00111110000000000000
01111110000000000000
01111111100000000000
01111111100000000000
01111111110000000000
00111111110000000000
00111111111000000000
00000011111000000000
00000011111000000000
00000001111100000000
01100001111100000000
11110001111100000000
11111001111100000000
11111111111100000000
01111111111000000000
01111111111000000000
00111111110000000000
00111111100000000000
00111111000000000000
00011110000000000000
00000000000000000000
