00000000000011000000
00000000000111100000
00000000001111110000
00000000011111110000
00000000111111110000
00000001111111111000
00000001111111111000
00000011111111111000
00000011111111111000
00000111111111111100
00011111111111111100
00111111111111111100
11111111111111111100
11111111111111111100
11111111111111111110
11111111111111111110
01111111111111111110
00011111111111111110
00000000000001111100
00000000000001111100
00000000000001111100
00000000000001111110
00000000000001111110
00000000000001111110
00000000000001111110
00000000000001111110
00000000000001111110
00000000000001111110
00000000000000011000
00000000000000000000
00001110000000000000
00011111111000000000
00011111111100000000
00011111111100000000
00011111111100000000
00011111111100000000
00011111111100000000
00011111111100000000
00111111111110000000
00111111111110000000
01111111111110000000
01111111111110000000
11111111111111000000
11111111111111111000
11111111111111111100
11111111111111111110
00011111111111111110
00000001111111111100
00000000111111001000
00000000111111000000
00000000111111000000
00000000111111000000
00000000111111000000
00000000111111000000
00000000011111000000
00000000011111000000
00000000001111000000
00000000001111000000
00000000001111000000
00000000000000000000
00000011100000000000
00000111110000011100
00000111110000111110
00000111111000111110
00000111111000111110
00000111111000111110
00000111111000111110
00000111111000111110
00001111110000111110
00001111110000111110
00011111110000111110
00011111100001111110
00111111100001111110
00111111100011111110
01111111111111111110
01111111111111111100
11111111111111111100
11111111111111111100
11111111111111111100
01111111111111111100
00011111111111111100
00000000000011111100
00000000000011111100
00000000000011111100
00000000000001111100
00000000000001111100
00000000000001111100
00000000000000111100
00000000000000011000
00000000000000000000
00000000000001110000
00000000000011111000
00000000000011111000
00000000000011111000
00000000000011111000
00000000000011111000
00011000000011111000
00111110000011111100
01111110000011111100
01111110000011111100
01111110000011111100
11111110000011111100
11111110000011111100
11111110000011111100
11111111111111111110
11111111111111111110
01111111111111111110
01111111111111111110
00111111111111111110
00011111111001111110
00000000000001111110
00000000000001111110
00000000000001111110
00000000000001111110
00000000000001111110
00000000000001111110
00000000000001111110
00000000000001111110
00000000000000111100
00000000000000000000
00000000000000011100
00000000000000111110
00000000000001111110
00000000000011111110
00000000000111111110
00000000001111111100
00000000001111111100
00000000111111111100
00000001111111111000
00000011111111111000
00000011111111111000
00000111111111111000
00011111111111111000
00011111111111111000
00111111111111110000
01111111111111110000
01111111111111110000
11111111111111111000
11111111111111111000
11111111111111111000
01111111111111110000
00000000011111000000
00000000011111000000
00000000011111000000
00000000011111000000
00000000011111000000
00000000011111000000
00000000011111000000
00000000001111000000
00000000000000000000
00111100000000111000
01111110000001111100
01111110000001111100
01111110000011111110
01111110000011111110
01111110000011111110
01111110000011111110
11111110000011111110
11111110000011111110
11111110000011111110
11111110000011111110
11111110000011111110
11111110000111111110
11111111111111111110
11111111111111111110
11111111111111111100
01111111111111111000
00111111111111111000
00001111111111110000
00000000001111110000
00000000001111110000
00000000001111110000
00000000001111110000
00000000001111110000
00000000001111110000
00000000001111110000
00000000001111110000
00000000001111100000
00000000001111000000
00000000000000000000
00000000000000000000
00001111000000000000
00001111100000000000
00001111100000000000
00001111100000011100
00011111100000111110
00011111100001111110
00011111100001111110
00011111100001111110
00111111000011111100
00111111000011111100
00111111000011111000
01111110000111111000
01111110000111111000
11111110001111111000
11111111111111111000
11111111111111111000
11111111111111111000
11111111111111111000
11111111111111111000
01111111111111110000
00111111111111000000
00000000111110000000
00000000111110000000
00000001111110000000
00000001111110000000
00000001111110000000
00000000111100000000
00000000111100000000
00000000000000000000
00111000000000000000
01111100000000000000
01111100000000000000
01111100000011111000
11111100000011111000
11111100000011111000
11111100000011111000
11111100000011111000
11111100000011111000
11111100000011111000
11111100000011111000
11111100000011111000
11111100000011111000
11111100000011111000
11111100000011111000
11111100001111111000
11111111111111111000
11111111111111111000
01111111111111111000
00111111111111111000
00000000000111111000
00000000000111111000
00000000000011111000
00000000000011111000
00000000000011111100
00000000000011111100
00000000000011111110
00000000000001111110
00000000000000111110
00000000000000000000
00000000000000111000
01111000000001111100
11111100000001111100
11111100000011111110
11111100000011111110
11111110000011111110
11111110000011111110
11111110000011111110
11111110000011111110
01111111000111111100
01111111001111111100
01111111111111111100
00111111111111111100
00111111111111111100
00011111111111111100
00011111111111111100
00000001111111111100
00000000000111111100
00000000000111111100
00000000000111111100
00000000000111111100
00000000000111111100
00000000000111111100
00000000000111111100
00000000000111111100
00000000000011111100
00000000000011111100
00000000000011111000
00000000000000110000
00000000000000000000
00000000000000001100
00000000111100011110
00000001111111111110
00000001111111111110
00000001111111111110
00000011111100111110
00000011111100111110
00000111111000111110
00001111111000111100
00001111110001111100
00011111100001111100
00111111000001111100
00111111000011111100
00111111000011111100
01111111000011111100
11111111111111111000
11111111111111111000
11111111111111110000
11111111111111110000
11111111111111110000
01111111111111110000
00111111111111110000
00000000000111110000
00000000000111100000
00000000000111100000
00000000000111100000
00000000000111100000
00000000000011100000
00000000000011000000
00000000000000000000
00000000000000000000
00000000000001110000
01111100000011111000
01111100000011111000
11111100000011111000
11111100000011111000
11111100000011111000
11111100000011111000
11111100000011111000
11111100000111111000
11111100001111111000
11111111111111111000
11111111111111111000
11111111111111111000
01111111111111111000
11111111111111111100
11111111111111111100
11111111111111111100
01111111111111111100
00011110000011111100
00000000000001111110
00000000000001111110
00000000000001111110
00000000000001111110
00000000000001111110
00000000000000111110
00000000000000111110
00000000000000011100
00000000000000000000
00000000000000000000
01111000000000000000
01111000000000000000
11111100000000000000
11111100000000111100
11111100000000111100
11111100000000111110
11111100000000111110
01111110000001111100
01111111000001111100
00111111000011111100
00111111000011111100
00111111100011111100
00011111100011111000
00001111110011111000
00000111111111111000
00000111111111111000
00000111111111111000
00000011111111111000
00000001111111110000
00000000111111110000
00000000001111110000
00000000001111100000
00000000001111100000
00000000001111100000
00000000001111100000
00000000001111100000
00000000001111100000
00000000000111000000
00000000000010000000
00000000000000000000
