
  Name: textures/square1.bmp
 Width: 562
Height: 632
dodo00000000000000000000
00000011110000000000
00000111111111000000
00001111111111110000
00011111111111110000
00111111111111110000
00111111111111000000
00111111111000000000
00111111111000000000
00111111100000000000
00111111000000000000
00111111000000000000
00111111111110000000
00111111111111000000
00111111111111000000
00111111111111110000
01111111111111111100
01111111111111111100
11111111110001111110
11111111110000111110
01111111110000111110
00111111100001111100
00001111100001111100
00001111111111111100
00001111111111111100
00000111111111111000
00000011111111100000
00000001111111000000
00000000000000000000
00000000000000000000
00000000000000000000
00000000000011110000
00000000001111110000
00000000111111110000
00000000101111100000
00000001111111100000
00000011111111000000
00000011111100000000
00000111111000000000
00000111101000000000
00000111111000000000
00001111111000000000
00111111111111000000
01111111111111110000
01111111101111110000
01111111111111110000
01111111111111111000
01111111000011111000
00011111000001111100
00011111000001111100
00011111000001111100
00001111100001111100
00001111111111111100
00001111111111111000
00000111101111111000
00000111111111111000
00000011111111110000
00000000111111100000
00000000000000000000
00000000000000000000
00000000000000000000
00000001110000000000
00001111111100000000
00011111111111110000
00011111111111111000
00111111111111111000
00111111111111111000
00111101111000111000
00111111111000111000
01111111000000000000
01111111000000000000
01111111000000000000
01111111000000000000
00111111000000000000
00111101000000000000
00111111111111111000
00111111111111111100
00111111111111111100
00111111111111111100
00111111110011111100
00111111100000111100
00011111100000111100
00011101100000111100
00011111111111111100
00011111111111111100
00001111111111111000
00000111111111111000
00000000000111100000
00000000000000000000
00000000000000000000
00000111111100000000
00011111111111000000
00111111111111100000
01111111111111110000
01111111111111111000
01111100000011111100
11111000000001111110
11111000000000111110
11111000000000111110
11111000000000011100
11111000000000000000
11111000000000000000
11111000000000000000
11111000000000000000
11111111000000000000
11111111111100000000
01111111111111000000
01111111111111000000
01111111111111000000
01111110001111000000
01111110001111000000
01111100011111000000
00111100111111000000
00111111111110000000
00111111111100000000
00011111111000000000
00011111110000000000
00001111100000000000
00000010000000000000
00000000000000000000
00000011000000000000
00001111111111110000
00011111111111111000
00011111111111111000
00111111111111111000
00111111100000000000
00111111100000000000
00111111000000000000
00111111000000000000
00111111000000000000
00111111000000000000
00111111000000000000
00111111000000000000
00111111000000000000
00111111111111000000
00111111111111110000
00111111111111111000
00111111111111111100
01111111000011111100
01111110000000111100
01111110000000111100
00011110000000111100
00011111000001111100
00011111000001111100
00011111111111111100
00001111111111111000
00000111111111110000
00000011111111100000
00000000111111000000
00000000000000000000
00000000000011111110
00000001111111111110
00000011111111111110
00011111111111000000
00011111100000000000
00111110000000000000
01111000000000000000
01110000000000000000
01100000000000000000
11100000000000000000
11100000000000000000
11100000000000000000
11100000000000000000
11100000000000000000
11100000000000000000
11111110000000000000
11111111110000000000
11111111111000000000
11111111111100000000
11110000111100000000
11110000011100000000
11110000001100000000
01111000001100000000
00111000001100000000
00111100011100000000
00011110011100000000
00011111111100000000
00000111111000000000
00000011111000000000
00000000000000000000
00000000000000000000
00000000111100000000
00000001111110000000
00000011111110000000
00000111111110000000
00001111111100000000
00001111111000000000
00001111100000000000
00011111100000000000
00111111000000000000
00111110000000000000
00111110000000000000
01111111100000000000
01111111111110000000
01111111101110000000
01111111111111100000
01111111111111110000
00111111111111111000
00111111000111111000
00111110000011111100
00111110000001111100
00011111000001111100
00011111000001111100
00011111100011111100
00001111111111111000
00001111111111111000
00000111111111110000
00000001111111100000
00000000000000000000
00000000000000000000
00000000001111110000
01111111111111110000
01111111111111110000
11111111111111100000
11111111111100000000
11111000000000000000
11111000000000000000
11111000000000000000
11111000000000000000
11111000000000000000
11111000000000000000
11111000000000000000
11111000000000000000
11111000000000000000
11111111111111111000
11111111111111111100
11111111111111111100
11111111111111111110
11111000000000011110
11111000000000011110
01111000000000011110
01111000000000011110
01111000000000011110
01111100000000011110
01111100000000011110
01111111111111111110
00111111111111111100
00001111111111111000
00000001111111000000
00000000000000000000
00000000000000000000
00000000000011100000
00000000001111100000
00000000011111100000
00000001111111100000
00000001111111000000
00000011111100000000
00000111111000000000
00001111110000000000
00011111100000000000
00011111000000000000
00111111000000000000
00111111000000000000
01111111111111000000
01111111111111000000
01111111111111110000
11111111111111111000
11111111111111111100
11111111000011111110
11111110000000111110
11111110000000011110
11111110000000011110
01111111100000111110
01111111111111111110
00111111111111111100
00001111111111111100
00000011111111110000
00000000000011000000
00000000000000000000
00000000000000000000
00000000000000000000
00000000000111111000
00000000111111111110
00000001111111111110
00000011111111111110
00000011111111111000
00000111111000000000
00001111110000000000
00001111100000000000
00011111000000000000
00011111000000000000
00111111000000000000
00111111100000000000
01111111111100000000
01111111111100000000
01111111111110000000
01111111111111100000
11111111111111110000
11111110001111110000
11111100000111110000
11111100000111110000
01111100000111110000
01111100000111110000
01111110011111100000
00111111111111100000
00011111111111000000
00001111111110000000
00000111111000000000
00000000000000000000
00000000000000000000
00000000000001110000
00000000000111110000
00000000011111110000
00000000111111110000
00000001111111100000
00000001111110000000
00000011111100000000
00000011111000000000
00000111110000000000
00001111110000000000
00001111100000000000
00011111000000000000
00011111000000000000
00111110000000000000
00111110011111100000
00111111111111111000
01111111111111111100
01111111111111111100
01111111111111111110
01111111100000111110
01111111000000111100
01111110000000111100
01111110000000111100
01111110000001111100
01111111110011111100
00111111111111111000
00011111111111111000
00001111111111110000
00000001111111100000
00000000000000000000
00000000000000000000
00000000001111111000
00000000011111111100
00000001111111111100
00000011111111111000
00000111111110000000
00001111111000000000
00001111110000000000
00011111100000000000
00011111000000000000
00011111000000000000
00111111000000000000
00111111000000000000
01111111000000000000
01111111111100000000
01111111111111000000
01111111111111100000
01111111111111110000
01111111111111110000
01111000000111110000
01111000000111110000
01111100000011110000
01111110000011110000
01111111111111110000
00111111111111110000
00011111111111100000
00001111111111000000
00000001111100000000
00000000000000000000
00000000000000000000
