00000000000001100000
00000000001111111000
00000011111111111100
00001111111111111000
00011111111111111000
00111111111111111000
01111111111111110000
00111110001111110000
00011100001111110000
00000000001111100000
00000000001111100000
00000000001111100000
00000000001111100000
00000000001111100000
00000000001111100000
00000000001111100000
00000000111111100000
00000000111111100000
00000000111111100000
00000000111111100000
00000000111111100000
00000000111111100000
00000000111111100000
00000000111111100000
00000000111111100000
00000000111111100000
00000000111111100000
00000000111111100000
00000000000110000000
00000000000000000000
00000000100101000000
00000011100111110000
00000011100111110000
00000011100111110000
00000011100111110000
00000011100111110000
00000011100111110000
00000011100111110000
00000011100111110000
00000011100111110000
00001111100111110000
00001111100111110000
00001111100111110000
00001111100111110000
00001111100111110000
00001111100111110000
00001111100111110000
00001111100111000000
00111111100111000000
00111111100111000000
00111111100111000000
00111111100111000000
00111111100111000000
00111111100111000000
00111111100111000000
00111111100111000000
00111111100111000000
00111111100111000000
00001111100100000000
00000000000000000000
00000000000000011000
00000000000000111100
00000000000001111110
00000000000011111110
00000000000111111100
00000000001111111000
00000000001111110000
00000000011111110000
00000000111111100000
00000001111111000000
00000111111111000000
00000111111100000000
00001111111100000000
00111111111000000000
01111111111000000000
01111111111000000000
11111111111000000000
00111111110000000000
00000111110000000000
00000111110000000000
00001111100000000000
00001111100000000000
00001111100000000000
00011111100000000000
00011111000000000000
00011111000000000000
00011111000000000000
00001110000000000000
00000100000000000000
00000000000000000000
00000000000001111000
00000000000011111100
00000000000011111100
00000000000111111100
00000000001111111000
00000000001111111000
00000000011111110000
00000000111111100000
00000001111111100000
00000001111111100000
00000011111111000000
00000111111111000000
00000111111111000000
00011111111110000000
00011111111110000000
00111111111110000000
01111111111110000000
01111111111100000000
01111111111100000000
00111111111100000000
00010001111100000000
00000001111100000000
00000001111100000000
00000001111100000000
00000011111100000000
00000011111100000000
00000011111100000000
00000011111100000000
00000001111000000000
00000000000000000000
00000000000000110000
00000000000011111100
00000000000011111100
00000000000111111100
00000000001111111100
00000000001111111100
00000000011111111100
00000000111111111100
00000000111111111100
00000001111111111100
00000011111111111000
00000111111111111000
00001111111111111000
00111111111111111000
01111111101111110000
01111111001111110000
00111100001111110000
00000000001111110000
00000000011111100000
00000000011111100000
00000000011111100000
00000000011111100000
00000000011111000000
00000000111111000000
00000000111111000000
00000000111111000000
00000000111111000000
00000000111110000000
00000000111110000000
00000000000000000000
00000000000000111000
00000000000001111100
00000000000011111100
00000000000111111100
00000000000111111100
00000000011111111000
00000000011111111000
00000001111111111000
00000011111111110000
00000111111111100000
00011111111111100000
00011111111111000000
00111111111111000000
01111111111111000000
01111111111110000000
00111001111110000000
00010001111110000000
00000011111100000000
00000011111100000000
00000011111100000000
00000011111000000000
00000111111000000000
00000111111000000000
00000111111000000000
00000111110000000000
00000111110000000000
00000111110000000000
00000111110000000000
00000011100000000000
00000000000000000000
00000000000000000000
00000000000011111000
00000000011111111100
00000000111111111100
00000111111111111100
00001111111111111100
00111111111111111000
01111111111111111000
00111111111111111000
00111111111111100000
00000111111111100000
00000011111111100000
00000011111111000000
00000011111111000000
00000010111010000000
00000011111110000000
00000111111110000000
00000111111110000000
00000111111110000000
00000111111000000000
00001111111000000000
00001111111000000000
00001111111000000000
00001111111000000000
00001111110000000000
00001111110000000000
00001111110000000000
00000111100000000000
00000000000000000000
00000000000000000000
00000000000000111000
00000000000011111100
00000000001111111100
00000001111111111100
00000111111111111000
00111111111111111000
00111111111111110000
01111111111111100000
00111111111111100000
00000001111111000000
00000001111111000000
00000001111110000000
00000011111110000000
00000011111110000000
00000011111110000000
00000011111110000000
00000011111100000000
00000111111100000000
00000111111100000000
00000111111100000000
00000111111000000000
00001111111000000000
00001111111000000000
00001111111000000000
00001111111000000000
00001111111000000000
00001111100000000000
00001111100000000000
00000010000000000000
00000000000000000000
00000000000000110000
00000000000011111000
00000000000111111100
00000000001111111100
00000000011111111000
00000001111111110000
00000011111111110000
00001111111111100000
00111111111111100000
01111111111111100000
01111111111111000000
00111000011111000000
00000000011111000000
00000000011111000000
00000000011111000000
00000000011111000000
00000000011111000000
00000000011111000000
00000000011111000000
00000000011111000000
00000000011111000000
00000000011111000000
00000000011111000000
00000000011111100000
00000000011111100000
00000000011111100000
00000000011111100000
00000000011111100000
00000000000110000000
00000000000000000000
00000000000001110000
00000000000111111100
00000000001111111100
00000000111111111000
00000011111111111000
00000111111111110000
00001111111111100000
00011111111111100000
00111111111111000000
01111111111111000000
00111111111110000000
00000111111100000000
00000111111100000000
00001111111000000000
00001111111000000000
00001111111000000000
00011111100000000000
00011111100000000000
00011111000000000000
00011111000000000000
00111111000000000000
00111111000000000000
00111111000000000000
00111111000000000000
00111111000000000000
00111111000000000000
00111111000000000000
00111111000000000000
00011111000000000000
00000000000000000000
00000000000000011100
00000000000000111110
00000000000001111110
00000000000011111110
00000000000111111110
00000000000111111110
00000000011111111100
00000000011111111100
00000001111111111000
00000011111111111000
00001111111111111000
00111111111111110000
01111111111111110000
01111110011111100000
00111100011111100000
00000000011111100000
00000000011111000000
00000000011111000000
00000000011111000000
00000000011111000000
00000000011111000000
00000000111111000000
00000000111111000000
00000000111111000000
00000000111111000000
00000000111111000000
00000000111110000000
00000000111110000000
00000000111110000000
00000000000000000000
00000000000110110000
00000000001111111100
00000000001111111100
00000000111111111100
00000000111111111100
00000001111111111100
00000001111111111100
00000111111111111100
00001111111111110000
00111111111111110000
01111111111111110000
01111111111111110000
01111111111111110000
00001000111111110000
00000000111111110000
00000000111111110000
00000000111111110000
00000001111111100000
00000001111111100000
00000001111111100000
00000001111111100000
00000001111111100000
00000001111111100000
00000001111110000000
00000001111110000000
00000001111110000000
00000001111110000000
00000001111110000000
00000000111100000000
00000000000000000000
00000000000000011100
00000000000001111110
00000000000111111110
00000000001111111100
00000001111111111100
00000111111111111000
00001111111111110000
01111111111111110000
11111111001111110000
11111100001111100000
01111000001111100000
00000000011111000000
00000000111110000000
00000000111110000000
00000000111110000000
00000001111100000000
00000001111100000000
00000001111100000000
00000001111000000000
00000001111000000000
00000011111000000000
00000011111000000000
00000011111000000000
00000111111000000000
00000111111000000000
00000111111000000000
00000111111000000000
00000111111000000000
00000011110000000000
00000000000000000000
00000000000000001100
00000000000000111110
00000000000011111110
00000000001111111100
00000000111111111100
00000011111111110000
00001111111111100000
00111111111111100000
01111111111111000000
11111100111110000000
01111000111100000000
00000001111100000000
00000011111000000000
00000011111000000000
00000111110000000000
00000111100000000000
00000111100000000000
00001111100000000000
00001111100000000000
00001111100000000000
00001111100000000000
00001111100000000000
00011111000000000000
00011111000000000000
00111110000000000000
00111110000000000000
00111100000000000000
00111100000000000000
00111100000000000000
00000000000000000000
00000000000000110000
00000000000111111100
00000000000111111100
00000000001111111100
00000000011111111000
00000000111111111000
00000000111111111000
00000001111111110000
00000111111111110000
00000111111111100000
00001111111111100000
00011111111110000000
00011111111110000000
00111111111100000000
00111111111100000000
01111111111000000000
00111111111000000000
00011111111000000000
00011111110000000000
00011111110000000000
00011111110000000000
00011111110000000000
00111111100000000000
00111111100000000000
00111111100000000000
00111111100000000000
00111111100000000000
00111111100000000000
00011111000000000000
00000000000000000000
00000000000001111000
00000000000011111000
00000000000111111000
00000000000111111100
00000000011111111100
00000000011111111100
00000000111111111100
00000001111111111100
00000011111111111100
00000011111001111100
00000111111001111100
00000111110001111100
00011111100001111100
00111111000001111100
01111110000001111110
01111110000001111110
11111100000001111110
11111000000001111110
00000000000001111110
00000000000001111110
00000000000001111110
00000000000001111110
00000000000000111110
00000000000000111110
00000000000000111110
00000000000000111110
00000000000000111110
00000000000000111110
00000000000000111110
00000000000000011100