00000000000001100000
00000000111111111000
00000011111111111000
00011111111111111000
01111111111111111000
11111111110001111000
11111100000001111000
11110000000001111000
00000000000001111000
00000000000001111000
00000000000001111000
00000000000001111000
00000000000001111000
00000000000011111000
00000000000011110000
00000000000111110000
00000000001111110000
00000000001111100000
00000000111111000000
00000001111111000000
00000011111110000000
00000111111110000000
00011111111111110000
00011111111111110000
00111111111111111110
00111111111111111110
01111111111111111110
01111111000001111100
01111110000001111000
00000000000000000000
00000001111110000000
00000011111110000000
00000111111111000000
00000111111111000000
00001111111111100000
00000111111111100000
00000011001111100000
00000000001111100000
00000000000111100000
00000000000111100000
00000000000111100000
00000000000111100000
00000000000111100000
00000000001111100000
00000000001111100000
00000000011111100000
00000000111111000000
00000011111110000000
00001111111110000000
00011111111110000000
01111111111000000000
11111111111000000000
11111111111100001100
11111111111110011110
11111111111111111110
11111111111111111110
01110000111111111110
00000000011111111100
00000000000111111000
00000000000000000000
00000011111100000000
00011111111110000000
00111111111111000000
01111111111111000000
11111111111111000000
11111111111111000000
11111100011111000000
01110000001111000000
00000000001111100000
00000000001111100000
00000000001111100000
00000000001111100000
00000000001111100000
00000000001111100000
00000000001111100000
00000000011111100000
00000000011111000000
00000000111111000000
00000000111111000000
00000000111111000000
00000001111110000000
00000011111110000000
00000111111110000000
00001111111111111000
00011111111111111110
00011111111111111110
00011111111111111110
00011111111111111110
00001111111111111000
00000000000000000000
00111111111000000000
01111111111111000000
11111111111111110000
11111111111111111000
01111100111111111100
00000000000011111100
00000000000011111110
00000000000001111110
00000000000001111110
00000000000000111110
00000000000000111110
00000000000000111110
00000000000000111110
00000000000000111110
00000000000000111110
00000000000001111110
00000000000011111110
00000000000011111100
00000000001111111100
00000000011111110000
00000000011111110000
00000011111111100000
00001111111111000000
00111111111111000000
01111111111111111100
01111111111111111110
01111111001111111110
01111110000111111100
00011000000000000000
00000000000000000000
00111111111000000000
11111111111110000000
11111111111111000000
11111111111111000000
11111111111111000000
01111111111111000000
00000000001111100000
00000000001111110000
00000000000111110000
00000000000111110000
00000000000011110000
00000000000011110000
00000000000011110000
00000000000011110000
00000000000111110000
00000000011111110000
00000000111111100000
00000001111111000000
00000001111111000000
00000011111110000000
00000011111100000000
00000111111100000000
00011111111111000000
00011111111111111000
00111111111111111100
00111111111111111110
00111110011111111110
00011110000011111100
00000000000000011000
00000000000000000000
00010111101100000000
00111111111111000000
01111111111111110000
01111111111111110000
01111111111111111000
00111100111111111000
00000000001111111100
00000000000111111100
00000000000111111100
00000000000111111100
00000000000111111100
00000000001111111000
00000000001111111000
00000000111111111000
00000000111111110000
00000001111111000000
00000001111111000000
00000011111110000000
00000011111110000000
00000111111110000000
00000111111100000000
00011111111100000000
00111111111111000000
01111111111111110000
01111111111111111000
00111111111111111100
00111111111111111100
00000000000111111100
00000000000011111100
00000000000000000000
00000000001100000000
00000011111111000000
00001111111111100000
00001111111111100000
00011111111111110000
00001111000111110000
00000000000111111000
00000000000111111000
00000000000111111000
00000000000111111000
00000000001111111000
00000000011111111000
00000001111111110000
00000001111111000000
00000011111110000000
00000011111100000000
00000111111000000000
00001111111000000000
00001111110000000000
00001111100000000000
00011111100000000000
00011111100111000000
00011111111111110000
00111111111111111000
00111111111111111100
00111111111111111100
01111111110001111000
00111111000000000000
00111110000000000000
00000000000000000000
00000000000000000000
00001110000000000000
00111111000000000000
01111111100000000000
11111111110000000000
11111111110000000000
11111111111000000000
11110011111000000000
01100011111000000000
00000001111000000000
00000001111100000000
00000001111100000000
00000001111100000000
00000001111100000000
00000001111100000000
00000001111100000000
00000011111100000000
00000111111000000000
00001111111000000000
00011111111110000000
00111111111111000000
00111111111111100000
00111111111111111100
00111111111111111100
00111111000111111110
00111100000011111110
00011000000011111100
00000000000000111100
00000000000000000000
00000000000000000000
00111111110000000000
01111111111100000000
11111111111100000000
11111111111110000000
11111111111110000000
01111000111111000000
00000000011111000000
00000000011111000000
00000000001111000000
00000000001111000000
00000000001111100000
00000000001111100000
00000000001111100000
00000000001111100000
00000000001111100000
00000000001111100000
00000011111111100000
00000111111111100000
00000111111111000000
00001111111111000000
00001111111111000000
00001111111111100000
00011111111111100000
00011111111111111100
00011111111111111100
00011111100111111110
00001111000011111110
00000110000001111100
00000000000000111100
00000000000000000000
00000000111100000000
00000111111110000000
00011111111111000000
00111111111111100000
01111111111111100000
11111111111111100000
01111000000111100000
00100000000111110000
00000000000111110000
00000000000111110000
00000000000111110000
00000000000111110000
00000000000011110000
00000000000011110000
00000000000011110000
00000000000011110000
00000000000111110000
00000000001111110000
00000000111111100000
00000011111111100000
00000111111111100000
00001111111111100000
00011111111111100000
00011111111111100000
00011111111111111100
00011111100111111110
00000000000011111100
00000000000001111100
00000000000000111100
00000000000000000000
00000000000000000000
00011111111000000000
01111111111100000000
01111111111110000000
11111111111111000000
01111111111111000000
01111111111111000000
01111100011111000000
00000000011111000000
00000000011111000000
00000000111111000000
00000000111110000000
00000000111110000000
00000001111110000000
00000011111100000000
00000111111100000000
00001111111110000000
00001111111110000000
00001111111111100000
00011111111111110000
00011111111111111000
00011111111111111100
00011111111111111100
00011111111111111100
00011111111111111110
00001111000001111110
00000000000000111100
00000000000000011000
00000000000000000000
00000000000000000000
00000111111111000000
00111111111111110000
01111111111111110000
01111111111111111100
01111110000111111100
00010000000001111110
00000000000001111110
00000000000001111110
00000000000011111100
00000000000111111100
00000000001111111000
00000000001111110000
00000000011111100000
00000000111111000000
00000001111110000000
00000011111100000000
00000111111000000000
00001111111000000000
00011111110000000000
00111111110000000000
11111111110000000000
11111111111000000000
11111111111100000000
11111111111111000000
01111111111111100000
01111100011111111100
00000000001111111110
00000000000111111110
00000000000011111100
00000000000000000000
00000000000000000000
00111111111110000000
01111111111110000000
11111111111111000000
11111111111111100000
11111111111111100000
01110000001111100000
00000000001111100000
00000000000111100000
00000000000111100000
00000000000111100000
00000000000111100000
00000000000111100000
00000000000111100000
00000000000111100000
00000000000111100000
00000000001111100000
00000000111111100000
00000001111111000000
00000001111111000000
00000011111111000000
00001111111111000000
00001111111111110000
00011111111111111110
00011111111111111110
00001111111111111110
00001111111111111110
00000000000001111110
00000000000000000000
00000000000000000000
00000000000100000000
00000011111110000000
00000111111111000000
00000111111111100000
00000111111111100000
00000011111111110000
00000000000111110000
00000000000011110000
00000000000011111000
00000000000011111000
00000000000011111000
00000000000011111000
00011111111111111000
00111111111111110000
01111111111111110000
11111111111111110000
11111000111111000000
11111000000000000000
11111000000000000000
11111000000000000000
11111000000000000000
11111000001110000000
11111111111111100000
11111111111111110000
01111111111111111100
01111111111111111110
00000000000011111110
00000000000011111100
00000000000001111000
00000000000000000000
00000000000000000000
00000000001111000000
00000000111111100000
00000011111111110000
00000011111111110000
00000111111111111000
00000111111111111000
00001111110001111000
00001111100001111000
00001111000011111000
00000110000011111000
00000000000111110000
00000000001111110000
00000000001111100000
00001111111111100000
00111111111111000000
01111111111111000000
01111111111111000000
01111111111110000000
01111111111000000000
01111111110000000000
01111111110000011100
01111111111100111110
11111111111111111110
01111111111111111110
01111111111111111110
00000000111111111100
00000000001111111000
00000000000011110000
00000000000000000000
00000000000001100000
00001111111111111000
00011111111111111100
00011111111111111100
00111111111111111100
00111111111111111100
00111111000001111100
00111111000001111110
00111110000001111110
00011110000001111110
00000000000001111110
00000000000001111110
00000000000011111110
00000000011111111110
00111111111111111110
11111111111111111110
11111111111111110000
11111111111000000000
11111100000000000000
11111100000000000000
11111100000000000000
11111100000000000000
11111100000000000000
11111100000000000000
11111111111111110000
01111111111111111000
01111111111111111000
01111111111111111000
00111111111111110000
00000000000000000000
