00000000001110000000
00000001111111110000
00000111111111111000
00111111111111111000
00111111111111111100
00111111111111111100
00111111111111111110
00000000000011111110
00000000000011111110
00000000000011111110
00000000000011111110
00000000000011111110
00000000000111111110
00000000111111111110
00000000111111111100
00000001111111111000
00000000111111111000
00000000011111111000
00000000001111111000
00000000000111111100
00000000000111111100
01111100000011111100
11111111000011111100
11111111111111111100
01111111111111111100
00111111111111111100
00011111111111111100
00000001111111110000
00000000011111100000
00000000000000000000
00000011111100000000
00000111111111000000
00011111111111000000
00111111111111100000
11111111111111100000
11111111111111110000
11111110001111110000
01111100001111110000
00000000001111110000
00000000001111110000
00000000001111110000
00000000001111110000
00000000111111110000
00000000111111111000
00000000111111111000
00000000111111111100
00000000011111111100
00000000001111111110
00000000000001111110
00000000000000111110
00000000000000111110
00000000000000111110
00000001111001111110
00000011111111111110
00000011111111111110
00000011111111111100
00000001111111111000
00000000111111110000
00000000011111110000
00000000000000000000
00000011111110000000
00001111111111000000
00011111111111100000
01111111111111110000
11111111111111110000
11111111111111110000
11111110000111111000
01111000000111111000
00000000000011111000
00000000000011111000
00000000000111111000
00000000001111111000
00000000011111111000
00000000011111111000
00000000011111111000
00000000001111111100
00000000000011111100
00000000000001111100
00000000000001111110
00000000000001111110
00001111000001111110
00011111100001111110
00011111111111111100
00001111111111111100
00001111111111111000
00000111111111111000
00000111111111100000
00000011111110000000
00000000110000000000
00000000000000000000
00000011111100000000
00000111111111000000
00000111111111100000
00000111111111110000
00000111111111111000
00000001111111111000
00000000001111111000
00000000000111111100
00000000000111111100
00000000000111111100
00000000000111111100
00000000000111111100
00000001111111111100
00000011111111111100
00000011111111111100
00000011111111111000
00000011111111110000
00000001111111110000
00000000001111111000
00000000001111111000
00000000000111111000
00111100000111111100
01111110000111111100
01111111111111111100
01111111111111111000
01111111111111111000
00011111111111110000
00001111111111000000
00000111111100000000
00000000000000000000
00000101111000000000
00001111111100000000
00011111111100000000
00111111111110000000
01111111111110000000
01111111111111100000
01111111111111100000
01111111111111100000
01111111111111100000
00111111111110000000
00001111111110000000
00001111111110000000
00001111111111100000
00011111111111110000
00011111111111111000
00011111111111111100
00011111111111111100
00011111111111111100
00000111111111111100
00000100000111111100
00001100000111111100
00011111111111111100
00111111111111111100
00111111111111111100
00111111111111111000
00011111111111111000
00001111111111110000
00000111111111100000
00000000011000000000
00000000000000000000
00000000111000000000
00000011111100000000
00001111111110000000
00011111111111000000
00111111111111000000
01111111111111110000
11111111001111110000
11111110001111110000
01111100000111111000
01111000000111111000
00000000011111111000
00000000111111111000
00000001111111111000
00000001111111111000
00000001111111111000
00000001111111111100
00000000000011111100
00000000000001111100
00000000000001111100
00000000000001111110
00000000000001111110
00000000000001111110
00000110000111111110
00001111111111111110
00001111111111111100
00011111111111111100
00001111111111111000
00001111111111100000
00000011111000000000
00000000000000000000
00000111101100000000
00011111111111000000
00111111111111100000
00111111111111100000
00111111111111111000
00011111111111111000
00000000001111111100
00000000000111111100
00000000000111111100
00000000000111111100
00000000000111111100
00000000001111111100
00000011111111111100
00000111111111111000
00000111111111110000
00000111111111110000
00000111111111110000
00000011111111111000
00000000001111111100
00000000000111111100
00000000000111111100
00111110001111111100
01111111111111111100
01111111111111111000
01111111111111110000
00111111111111110000
00001111111111000000
00000111111110000000
00000001100000000000
00000000000000000000
00001111111100000000
00111111111111000000
01111111111111100000
11111111111111100000
11111111111111110000
11111111111111110000
11111111111111110000
01111000001111111000
00000000001111111000
00000000001111111000
00000000001111111000
00000000011111111000
00000000111111111100
00000001111111111100
00000001111111111100
00000000111111111110
00000000111111111110
00000000011111111110
00000000000011111110
00000000000001111110
00000000000001111110
00000000000011111110
00001111111111111110
00111111111111111110
01111111111111111110
01111111111111111100
01111111111111111000
00111111111111100000
00011111111100000000
00000000000000000000
00010111101100000000
00111111111111000000
01111111111111110000
01111111111111110000
01111111111111111000
00111111111111111000
00000000111111111000
00000000001111111100
00000000001111111100
00000000001111111100
00000000001111111100
00000111111111111100
00111111111111111100
01111111111111111100
01111111111111111100
01111111111111111100
00000111111111111100
00000000111111111100
00000000111111111100
00000000111111111000
00000000111111111000
00000000111111111000
00000001111111111000
00111111111111111000
01111111111111111000
01111111111111110000
01111111111111110000
01111111111111000000
00111111111100000000
00000000000000000000
00111111100000000000
01111111111100000000
01111111111111000000
01111111111111100000
00111111111111100000
00000111111111110000
00000000001111110000
00000000001111111000
00000000001111111000
00000000001111111000
00000000001111111000
00000000000111111000
00000000000111111000
00001111111111111000
00011111111111111000
00111111111111111000
00111111111111111100
00011111111111111100
00001111111111111100
00000000000111111110
00000000000011111110
00000000000011111110
00000000000011111110
00000000000011111110
00111111111111111110
00111111111111111100
00111111111111111100
00111111111111111000
00000011111110000000
00000000000000000000
00000000001100000000
00000001111111000000
00000011111111000000
00000011111111100000
00000011111111110000
00000011111111110000
00000001111111110000
00000000000111111000
00000000000111111000
00000000000111111000
00000000001111111000
00000000011111111000
00000000011111111000
00000000011111111000
00000000011111111000
00000000011111111000
00000000001111111100
00000000000011111100
00010000000001111100
01111100000001111110
11111110000011111110
11111111001111111110
11111111111111111100
01111111111111111100
01111111111111111000
00111111111111110000
00011111111111000000
00001111111100000000
00000011110000000000
00000000000000000000
00000000000000000000
00011111110000000000
00111111111000000000
01111111111100000000
01111111111110000000
01111111111110000000
01111111111111100000
01111111111111100000
00111111111111100000
00000111111111100000
00000111111111100000
00001111111111100000
00001111111111100000
00001111111111100000
00001101111110100000
00001111111111110000
00000111111111110000
00000000111111111000
00000000011111111000
00000000011111111000
00000000011111111100
00001111111111111000
00111111111111111000
00111111111111111000
00111111111111110000
00111111111111100000
00111111111100000000
00001111111000000000
00000000000000000000
00000000000000000000
00000001111110000000
00000011111111000000
00001111111111000000
00011111111111100000
00111111111111100000
00111111000111100000
00111110000111110000
00000000000111110000
00000000000111110000
00000000011111100000
00000000111111100000
00000011111111000000
00000011111111000000
00000011111111100000
00000011111111110000
00000011111111110000
00000000111111111000
00000000000011111100
00000000000011111100
00000000000001111100
00000000000001111110
00000000000000111110
01110000000000111110
11111100000001111110
11111111111111111100
11111111111111111100
00111111111111111100
00111111111111111000
00000011111111000000
00000000000000000000
