00000001111111000000
00000111111111100000
00111111111111111100
00111111111111111100
00111111111111111100
01111111100011111100
01111100000001111100
11111100000001111100
11111100000011111110
11111100000011111110
01111100000011111110
01111111111111111100
01111111111111111100
00111111111111111100
00011111111111111100
00001111111111111000
00000011111111111000
00000000000011111000
00000000000011111000
00000000000011111000
00000000000011111000
00000000000011111000
00000000000011111000
00110000000011111000
11111111111111110000
11111111111111110000
01111111111111100000
01111111111111100000
00111111111110000000
00000000000000000000
00111111111111111000
01111111111111111100
01111111111111111100
01111111111111111100
01110000000000111100
11110000000000111100
11110000000000111100
11110000000000111100
11110000000000011110
11110000000000011110
11111111111000011110
11111111111111111110
01111111111111111110
00001111111111111110
00000000000000011110
00000000000000011110
00000000000000011110
00000000000000011100
00000000000000111100
00000000000000111100
00000000000000111100
00000000000000111100
00000000000000111100
00000000000000111100
00000000000000111110
00000000000000111110
00011111111111111110
00111111111111111110
00111111111111111110
00011111000000000000
00000111111110000000
00011111111111000000
00111111111111100000
01111111111111111000
01111111111111111100
01111111111111111100
11111111111111111100
11111110000011111110
01111110000011111100
01111110000111111100
01111111111111111100
01111111111111111100
00111111111111111100
00011111111111111100
00001111111111111100
00000111111111111100
00000001111111111100
00000000000011111100
00000000000011111100
00000000000011111100
00000110000111111000
00011111001111111000
00011111111111111000
00011111111111110000
00011111111111100000
00001111111111100000
00000111111111000000
00000011111110000000
00000000111000000000
00000000000000000000
00000000000000000000
00000000011100000000
00000001111111100000
00001111111111110000
00001111111111111000
00001101111110111000
00011111111111111000
00111111111111111100
00111111111111111100
00111111111111111100
00111111111111111100
00111101111110111100
00111111111111111100
00111111111111111100
00111111111111111100
00011111111111111100
00011111111111111000
00000101111110111000
00000111111111111000
00000101111111111000
00111111111111111000
01111111111111111000
01111111111111111000
01111101111110110000
01111111111111110000
01111111111111110000
00111111111111100000
00001111111100000000
00000000000000000000
00000000000000000000
00000000111111110000
00000111111111111000
00011111111111111000
00011111111111111000
00111111111111111000
11111111111111111000
11111111111111111000
11111111111111111000
11111111111111111000
11111111111111111000
11111111111111111000
00111111111111111000
00001111100011111000
00000000000001111000
00000000000001111100
00000000000001111100
00000000000001111100
00000000000001111110
00000000000001111110
00000000000001111110
00000000000001111110
00000000000001111110
00000000000001111110
00000000000011111110
00000000000111111110
00000000001111111110
00000000001111111000
00000000001111110000
00000000001111000000
00000000000000000000
00000000001111100000
00111111111111100000
11111111111111110000
11111111111111111000
11111111111111111000
11111100000011111000
11111100000011111000
11111100000011111000
11111100000011111000
01111100000011111000
01111100000011111100
01111100000011111100
00111100000001111100
00111100000001111100
00111110000011111100
00111111111111111100
00111111111111111100
00111111111111111100
00011111111111111100
00001111111001111100
00000000000000111100
00000000000000111100
00000000000000111110
00000000000000111110
00000011111111111110
00111111111111111110
00111111111111111110
00111111111111111110
00011111111100000000
00000000000000000000
00000000000000011000
00000011111111111000
00001111111111111100
00011111111111111110
00111111111111111110
01111111111111111100
01111110000011111100
11111100000011111100
11111100000011111100
11111100000011111100
11111100001111111100
11111111111111111100
11111111111111111100
00111111111111111100
00111111111111111100
00000111110011111100
00000000000011111100
00000000000011111100
00000000000011111100
00000000000011111100
00000000000011111100
00000000000011111100
00000000000011111100
00000000000111111100
00000001111111111000
00000111111111111000
00001111111111111000
00000111111111110000
00000000100000000000
00000000000000000000
00000000000001111000
00000000000011111100
00001111111111111110
00011111111111111110
00111111111111111100
01111111111111111100
11111111111111111100
11111111111111111100
11111110111111111000
11111111111111111000
11111111111111111000
11111111111111111000
01111111111111111000
00011111111111111000
00000011111111111000
00000000001111111000
00000000001111111000
00000000001111111000
00000000001111111000
00000000001111110000
00000000001111110000
01111000001111110000
11111111111111110000
11111111111111110000
11111111111111110000
01111111111111100000
00011111111111100000
00000111111111000000
00000000010000000000
00000000000000000000
00000000000001110000
00000000000001111000
00000000000011111100
00000001111111111100
00000011111111111110
00000111111111111110
00001111111111111110
00001111111111111110
00011111111111111110
00011111111111111110
00011111111111111110
00011111111111111110
00011111111111111110
00011111111111111110
00001111111111111110
00001111111111111110
00000011111111111110
00000000000001111110
00000000000001111110
00000000000011111100
00000000000011111100
00000000000111111000
00011111111111111000
01111111111111110000
01111111111111110000
11111111111111100000
01111111111111000000
01111111111111000000
00011111111100000000
00000000000000000000
00000000000000000000
00000111111111000000
00011111111111100000
00111111111111110000
01111111111111110000
01111111111111111000
01111111111111111000
01111111111111111000
01111111111111111000
01111111111111111000
01111111111111111100
01111111111111111100
00111111111111111100
00111111111111111100
00011111111111111100
00000111100111111100
00000000000011111100
00001000000011111100
00111111000011111100
00111111000011111100
01111111111111111100
01111111111111111100
01111111111111111100
00111111111111111100
00011111111111111100
00000111111111111100
00000001111111111000
00000000011111110000
00000000000000000000
00000000000000000000
00000000001100000000
00000001111111100000
00000111111111110000
00001111111111111000
00011111111111111000
00111111111111111000
01111111111111111100
01111111100111111100
01111111000111111100
11111110001111111100
11111110001111111100
11111111111111111100
01111111111111111100
01111111111111111100
01111111111111111100
00111111111111111100
00000011110011111100
00000000000011111100
00000000000011111110
00000000000011111110
00000000000011111110
00000000000011111110
00000000111111111110
00000011111111111100
00000111111111111100
00001111111111111100
00001111111111111000
00000111111111100000
00000011111000000000
00000000000000000000
00000011111110000000
00000111111111100000
00001111111111110000
00011111111111111000
00111111111111111000
00111111111111111100
01111111111111111100
01111111001111111100
01111111001111111100
01111110001111111100
01111110001111111100
01111111111111111100
01111111111111111100
01111111111111111100
00111111111111111100
00111111111111111100
00011111111111111100
00001111111111111100
00000010000111111100
00000000000111111100
00000000000111111100
00000000000111111100
00000000000111111100
00000000000111111100
00000000000111111100
00000000000111111100
00000000000111111000
00000000000011111000
00000000000001110000
00000000000000000000
00000000111000000000
00000011111110000000
00001111111111000000
00011111111111100000
00111111111111110000
00111111111111111000
01111111111111111100
11111110000111111100
11111100000111111100
11111100001111111110
01111110011111111100
01111111111111111100
01111111111111111100
00011111111111111000
00011111111111110000
00000111111111110000
00000000001111110000
00000000001111110000
00000000001111110000
00000000001111110000
00000000001111110000
00001111111111100000
00111111111111100000
00111111111111100000
01111111111111100000
00111111111111100000
00011111111111000000
00000000011111000000
00000000000100000000
00000000000000000000
