!!!!!!!!!!!!!!!!!!

  Name: textures/scheme.bmp
 Width: 500
Height: 500
!dodo0000000000000000000000000000
0000000000000000000000000000
0000000000000000000000000000
0000000000000000000000000000
0000000000000000000011110000
0000011000000000000011110000
0000111100000000000011110000
0000111110000000000111100000
0000011110000000000111100000
0000011111000000001111100000
0000001111000000001111000000
0000001111000000001111000000
0000001111100000011110000000
0000000111100000111110000000
0000000111110000111100000000
0000000011110001111100000000
0000000011111001111000000000
0000000001111001111000000000
0000000001111111110000000000
0000000000111111110000000000
0000000000011111100000000000
0000000000011111100000000000
0000000000001111100000000000
0000000000000111000000000000
0000000000000000000000000000
0000000000000000000000000000
0000000000000000000000000000
0000000000000000000000000000

digits
219 101 4
pluss
209 365
minuss
199 298
dot
add
0 0
-74 -74
add
59 327
51 316
51 114 316 408 check_key
66 98 339 385 check_key
add
62 106
54 94
54 123 94 194 check_key
71 105 119 169 check_key
add
135 457
123 459
123 220 421 472 check_key
147 195 433 459 check_key
148 443
add
172 280
158 263
volt7
!!!!!!!!!!!!!
energy
rezistor
reostat
key
energy
voltmetr
clear 0
clear 1
clear 2
clear 3
clear 4
137 286 24 173
